4.993000000000000114e+02
5.034423542011182349e+02
5.075766779258630095e+02
5.116838222380642947e+02
5.148701701164453652e+02
5.171995513482402202e+02
5.203953701887679699e+02
5.234937968507948653e+02
5.248097249513418774e+02
5.252623034265793649e+02
5.257068514254433467e+02
5.260731561819766284e+02
5.254420687600087376e+02
5.231433763935824572e+02
5.209260152529102470e+02
5.192304108699073595e+02
5.151969887764885243e+02
5.119597915258451621e+02
5.085996701818072552e+02
5.041974758082043877e+02
4.984723573412067594e+02
4.940285700999635310e+02
4.880320715312830089e+02
4.821743509968673607e+02
4.769149829648018226e+02
4.708943929670011812e+02
4.650317299396355679e+02
4.597291215422795858e+02
4.536844401153587114e+02
4.480019409780218780e+02
4.433709858323967978e+02
4.376979576572068140e+02
4.336381756013880704e+02
4.302724907287704355e+02
4.268987753797794085e+02
4.235170295544149894e+02
4.205868277207622441e+02
4.187656166873319421e+02
4.167512687945494463e+02
4.163054861700744027e+02
4.165091198777366230e+02
4.167047231090254513e+02
4.176965511830898095e+02
4.200463062275892980e+02
4.216859031361409507e+02
4.245685333981064105e+02
4.277367502049750101e+02
4.309097024929171198e+02
4.334746243044858147e+02
4.378570475545747058e+02
4.427803764985029602e+02
4.468467387958451127e+02
4.511540067870266171e+02
4.548787762167282835e+02
4.592848768721842703e+02
4.641042236470115654e+02
4.678049016475931126e+02
4.714975491718012108e+02
4.751821662196359739e+02
4.788587527910972881e+02
4.817613514393767105e+02
4.839984728027721417e+02
4.859530956046878032e+02
4.876826666536342714e+02
4.891871859496116031e+02
4.896049513649602432e+02
4.900848990698929128e+02
4.900717099154734910e+02
4.900504902846806772e+02
4.895808146455996166e+02
4.886371510833366187e+02
4.872322655553384720e+02
4.858257325296903559e+02
4.839260626446901483e+02
4.820821920705506045e+02
4.801409293179099791e+02
4.778214233229385286e+02
4.759151634473383297e+02
4.740008730953647387e+02
4.715742969478688451e+02
4.697588392601697365e+02
4.682098191812036703e+02
4.667868111790556327e+02
4.657387514239384814e+02
4.652188314052138480e+02
4.650610936760733694e+02
4.648953254705594418e+02
4.647215267886721222e+02
4.651013997580709542e+02
4.658179231021603073e+02
4.676753521400889326e+02
4.701885804888781877e+02
4.721065443187409869e+02
4.748845627786133150e+02
4.776800826770058848e+02
4.807675720990249602e+02
4.841470310446707117e+02
4.887567573862834820e+02
4.926818575068419932e+02
4.966691399169845909e+02
5.002845620635197861e+02
5.042685494783623881e+02
5.078551447147038971e+02
5.111783903257358475e+02
5.144936054603944058e+02
5.178007901186796289e+02
5.217765400452723270e+02
5.239251105593214106e+02
5.260847995331672564e+02
5.270619899455333552e+02
5.283120009453558623e+02
5.290497261496559531e+02
5.288666549201359430e+02
5.284840638525404302e+02
5.273657827341033908e+02
5.253267051818460232e+02
5.231072567276835343e+02
5.201329692865092511e+02
5.162378854115148670e+02
5.121815795707852885e+02
5.081172432536823749e+02
5.025001956091421675e+02
4.973857557861009013e+02
4.908207322951969331e+02
4.855881038598344048e+02
4.789814875012900757e+02
4.721498193897765532e+02
4.661207590997619263e+02
4.585453704610335421e+02
4.524300364523146527e+02
4.464726294140310188e+02
4.396710216866081282e+02
4.327911707168540829e+02
4.276011616111521789e+02
4.216626964971621874e+02
4.165268392046712052e+02
4.122957173932534261e+02
4.080948629778026771e+02
4.038859780859787065e+02
4.005562967603344759e+02
3.990249679370401736e+02
3.966111405522660789e+02
