3.995499999999999545e+02
4.004344986572165794e+02
4.022957486703442100e+02
4.050528989755530347e+02
4.069407013458927054e+02
4.098052550721433818e+02
4.136465601543050070e+02
4.184646165923776948e+02
4.240438215494819474e+02
4.287671537490219862e+02
4.337597904959624202e+02
4.404096750527144764e+02
4.470593606107676123e+02
4.535336698651573784e+02
4.594081347307771921e+02
4.660572232927335676e+02
4.727061128559910230e+02
4.791257254063651203e+02
4.848107417949197497e+02
4.904955591847754590e+02
4.961801775759321913e+02
5.015816182449857479e+02
5.060059095607304585e+02
5.097629806011805158e+02
5.131964483876124632e+02
5.159896462533596377e+02
5.184322905104787651e+02
5.202616152015231137e+02
5.217134359293296484e+02
5.221881073038271097e+02
5.220898846441648402e+02
5.215737324893497089e+02
5.200804309812256179e+02
5.180546609708565029e+02
5.155705359334197055e+02
5.125808927483477646e+02
5.091059441815982609e+02
5.056510093821071905e+02
5.016366557257611589e+02
4.972447981061771998e+02
4.932906847503056724e+02
4.887838901262317108e+02
4.844318610424658118e+02
4.793182854422705077e+02
4.746222413398301683e+02
4.706671329904639833e+02
4.667118256423988782e+02
4.627563192956347962e+02
4.588006139501717371e+02
4.555049932939530777e+02
4.518386062631489608e+02
4.499440060492487419e+02
4.474765118011886216e+02
4.459116554338621654e+02
4.448451816281204856e+02
4.445196435754529034e+02
4.444162469496182553e+02
4.443126513250847438e+02
4.442088567018523122e+02
4.448998985409137958e+02
4.457591810975883959e+02
4.474402504711670190e+02
4.492626102077487644e+02
4.519337071158442996e+02
4.529943213372976629e+02
4.556043819501230701e+02
4.566106974649587187e+02
4.592742607896060463e+02
4.620589017112991428e+02
4.629837691662082193e+02
4.638410617358935042e+02
4.656481539344750900e+02
4.665050457619528856e+02
4.673280506474693539e+02
4.672210693002443236e+02
4.671138889543203732e+02
4.669323961345201610e+02
4.658613426138934415e+02
4.646890262647804661e+02
4.626540995694508638e+02
4.604909596910251253e+02
4.574921598209926970e+02
4.543381964132542521e+02
4.507124028011430710e+02
4.483126513250848006e+02
4.439588001411077016e+02
4.384863102421196004e+02
4.345228412025886087e+02
4.303233575615217319e+02
4.256453061274297625e+02
4.211557081769083197e+02
4.158169750574752470e+02
4.115627947123928720e+02
4.072410394820867054e+02
4.039229859623014818e+02
4.006182086211222781e+02
3.978926649053575488e+02
3.946413902760003793e+02
3.922321152295045295e+02
3.899978184892743229e+02
3.893197057290685166e+02
3.892073514169723012e+02
3.890947981061771657e+02
3.894199890590944619e+02
3.911733498076391129e+02
3.939506250326621171e+02
3.967277012589860874e+02
3.999964224582424208e+02
4.042418950134097031e+02
4.084265302720057775e+02
4.126985551843851567e+02
4.184930761335265856e+02
4.240044193605647820e+02
4.298524430215282450e+02
4.364818279674806831e+02
4.431110139147342011e+02
4.491268802959128834e+02
4.554187888131443742e+02
4.620473777643011317e+02
4.686757677167589122e+02
4.746369373939219827e+02
4.803014541716768804e+02
4.852718003195272445e+02
4.899724439225793162e+02
4.953938105127481322e+02
4.995887369694661970e+02
5.033253083991165227e+02
5.063003333123375000e+02
5.082982088722495746e+02
5.101072329511931684e+02
5.111142849817924798e+02
5.111441876590829452e+02
5.110256643873198641e+02
5.100647435352975094e+02
5.081266733299663088e+02
5.069497516436667297e+02
5.041017089728525775e+02
5.019878644664600529e+02
4.972124734436380891e+02
4.950443302306279065e+02
4.911242149692733392e+02
4.852500000000000000e+02
