3.985999999999999091e+02
4.008268874042777270e+02
4.042567054794101296e+02
4.088894542253974009e+02
4.147251336422394274e+02
4.217637437299361522e+02
4.288052844884875867e+02
4.370497559178938332e+02
4.452971580181549029e+02
4.535474907892706256e+02
4.594007542312410806e+02
4.676569483440663362e+02
4.735160731277463810e+02
4.781781285822810332e+02
4.828431147076706225e+02
4.899110315039148418e+02
4.921818789710139299e+02
4.968556571089675913e+02
5.003323659177760874e+02
5.038120053974394068e+02
5.060945755479573336e+02
5.095800763693301292e+02
5.106685078615576003e+02
5.129598700246398266e+02
5.152541628585769331e+02
5.175513863633685787e+02
5.174515405390151273e+02
5.185546253855163741e+02
5.184606409028723419e+02
5.183695870910830763e+02
5.182814639501485772e+02
5.181962714800688445e+02
5.169140096808439466e+02
5.144346785524737697e+02
5.131582780949581775e+02
5.118848083082974085e+02
5.082142691924915425e+02
5.069466607475402498e+02
5.032819829734436894e+02
4.984202358702020206e+02
4.947614194378149932e+02
4.923055336762827778e+02
4.874525785856052380e+02
4.826025541657825215e+02
4.777554604168146284e+02
4.717112973387013994e+02
4.656700649314428802e+02
4.608317631950391160e+02
4.559963921294901184e+02
4.511639517347958872e+02
4.463344420109564226e+02
4.415078629579717813e+02
4.366842145758416791e+02
4.330634968645664458e+02
4.282457098241460471e+02
4.246308534545802331e+02
4.234189277558693902e+02
4.222099327280130865e+02
4.198038683710116743e+02
4.198007346848648922e+02
4.222005316695729107e+02
4.234032593251357639e+02
4.246089176515532131e+02
4.306175066488254970e+02
4.354290263169525588e+02
4.402434766559343302e+02
4.462608576657708568e+02
4.522811693464621499e+02
4.595044116980081981e+02
4.655305847204090242e+02
4.715596884136645599e+02
4.787917227777747371e+02
4.836266878127398741e+02
4.884645835185596070e+02
4.921054098952341747e+02
4.945491669427634065e+02
4.981958546611475072e+02
4.994454730503862265e+02
5.018980221104798147e+02
5.031535018414280671e+02
5.068119122432311201e+02
5.080732533158889623e+02
5.117375250594013778e+02
5.142047274737687985e+02
5.190748605589907356e+02
5.227479243150676211e+02
5.276239187419990913e+02
5.313028438397853961e+02
5.349846996084264674e+02
5.350694860479222825e+02
5.351572031582728641e+02
5.328478509394781213e+02
5.281414293915381677e+02
5.222379385144529351e+02
5.103373783082224691e+02
4.996397487728468150e+02
4.853450499083259047e+02
4.710532817146596472e+02
4.543644441918481789e+02
4.400785373398915681e+02
4.245955611587895646e+02
4.127155156485423504e+02
4.032384008091498799e+02
3.973642166406121987e+02
3.938929631429292613e+02
3.964246403161010903e+02
4.013592481601276631e+02
4.074967866750089343e+02
4.160372558607450060e+02
4.233806557173358556e+02
4.343269862447813807e+02
4.416762474430817065e+02
4.502284393122367874e+02
4.551835618522464983e+02
4.589416150631111009e+02
4.591025989448304472e+02
4.568665134974045259e+02
4.522333587208333938e+02
4.476031346151168577e+02
4.417758411802551564e+02
4.335514784162483011e+02
4.277300463230960759e+02
4.195115449007986399e+02
4.112959741493559704e+02
4.054833340687680447e+02
4.008736246590348173e+02
3.974668459201564588e+02
3.964629978521327871e+02
3.954620804549638251e+02
3.968640937286496637e+02
3.982690376731902120e+02
4.032769122885855495e+02
4.082877175748355967e+02
4.157014535319405013e+02
4.255181201599000360e+02
4.353377174587142804e+02
4.463602454283834504e+02
4.597857040689071937e+02
4.732140933802858171e+02
4.842454133625191162e+02
4.964796640156071703e+02
5.063168453395500137e+02
5.137569573343477032e+02
5.211999999999999318e+02
