4.628499999999999091e+02
4.503258100396594159e+02
4.400673240354698237e+02
4.286995419874310755e+02
4.184307972288765427e+02
4.104027564264729335e+02
4.046404195802202253e+02
4.000521200234517210e+02
3.965961910895007350e+02
3.953476327783673128e+02
3.942314450900514657e+02
3.952309613578864855e+02
3.963961815818725540e+02
4.006854390953427014e+02
4.052737338982970527e+02
4.119110659907357217e+02
4.187807687059919317e+02
4.266578420440656600e+02
4.336672860049569636e+02
4.405341005886658650e+02
4.473999524618589589e+02
4.523148416245363137e+02
4.549621014100311527e+02
4.572583984850101615e+02
4.576537328494734993e+02
4.548397711700877721e+02
4.495581801135195974e+02
4.420089596797689069e+02
4.340254432021691287e+02
4.251326306807202400e+02
4.169055221154222863e+02
4.098107841729418510e+02
4.029650835199456083e+02
3.996184201564336718e+02
3.973374607490725339e+02
4.002055386311956795e+02
4.064726538028030518e+02
4.158471395972279652e+02
4.261206626811371052e+02
4.405182230545305515e+02
4.548648207174081790e+02
4.693687890031031884e+02
4.842051279116159321e+02
4.982488374429461828e+02
5.095915842637606943e+02
5.190833683740594324e+02
5.266741897738424996e+02
5.304807151297762857e+02
5.327529444418610183e+02
5.335408777100967654e+02
5.320611816011498831e+02
5.304888561150205533e+02
5.271822345850422380e+02
5.233079836778814524e+02
5.191661033935382648e+02
5.152732603986792128e+02
5.125127880266377360e+02
5.095346862774138117e+02
5.060889551510074966e+02
5.039589279807520370e+02
5.027946047666474669e+02
5.009876521753604948e+02
4.986797368735577152e+02
4.963708588612391281e+02
4.940610181384048474e+02
4.905335480383881190e+02
4.865384485611888863e+02
4.819007197068071946e+02
4.755786948085764720e+02
4.698473738664965822e+02
4.635484235472343357e+02
4.566401771841229333e+02
4.508976347771624091e+02
4.456957963263527631e+02
4.400263284983607264e+02
4.341892312931861966e+02
4.301011713774959162e+02
4.271454820846232110e+02
4.248221634145680810e+02
4.234812153673304351e+02
4.234393046095770501e+02
4.243464311413078462e+02
4.261192616291896229e+02
4.281327960732222664e+02
4.315120344734057767e+02
4.344486434964068735e+02
4.375509564755587917e+02
4.420689734108616449e+02
4.465860276356488043e+02
4.511021191499200995e+02
4.556172479536756441e+02
4.601314140469154381e+02
4.646446174296394247e+02
4.691568581018475470e+02
4.744014693968733241e+02
4.804784513147167218e+02
4.849878038553776491e+02
4.891545270188561290e+02
4.928536208051521612e+02
4.967100852142656890e+02
4.992489202461968034e+02
5.026117925676121558e+02
5.056737021785117463e+02
5.078929824122288892e+02
5.098279666020969785e+02
5.109036547481158550e+02
5.122450468502856893e+02
5.142021429086064472e+02
5.150249429230780152e+02
5.149551135603671810e+02
5.148843214871405962e+02
5.148125667033981472e+02
5.145231825424733643e+02
5.130995023376993913e+02
5.109415260890763193e+02
5.097242537966042164e+02
5.083226854602829690e+02
5.059618210801125429e+02
5.034333273227597942e+02
5.002455375215578215e+02
4.987234516765068406e+02
4.950754031209401091e+02
4.905597251881907823e+02
4.869264178782590307e+02
4.822754811911449906e+02
4.775152484601817946e+02
4.718207196853694541e+02
4.669835615333746546e+02
4.600454406708641386e+02
4.530313570978377129e+02
4.450829774809623132e+02
4.391669684869044090e+02
4.310833301156640687e+02
4.229987290339080346e+02
4.149798319083027991e+02
4.091766387388485100e+02
4.033891495255450650e+02
3.987340309350591951e+02
3.952112829673909005e+02
