3.898353185370548317e+02
3.888387704667339904e+02
3.887586646311648337e+02
3.887208751562214388e+02
3.895156118321135637e+02
3.912267907427573732e+02
3.938544118881528107e+02
3.959858878557125195e+02
3.985303095545273777e+02
4.019911734880938639e+02
4.063684796564120347e+02
4.116622280594818335e+02
4.168794117042962739e+02
4.216354152062399976e+02
4.272169518520262841e+02
4.338897559073894286e+02
4.405629182814203091e+02
4.469497256874055893e+02
4.529103179854852215e+02
4.595845553155193102e+02
4.662591509642210781e+02
4.728152238127095188e+02
4.785324941407047845e+02
4.842501227873677863e+02
4.899681124879555796e+02
4.956864741834961592e+02
5.004961032886135399e+02
5.043900067963147080e+02
5.081933595317745471e+02
5.112138538026853780e+02
5.140598812174387149e+02
5.162069662515590380e+02
5.180956683456059864e+02
5.193693441429359154e+02
5.197272943428497456e+02
5.197009874768158397e+02
5.191855284399392758e+02
5.177543438056464993e+02
5.158130279795319666e+02
5.135084341084487960e+02
5.106097929616277042e+02
5.074317898537540827e+02
5.038135856239887858e+02
5.005244110415625869e+02
4.958649654071747364e+02
4.920100738956504074e+02
4.880856106328637338e+02
4.833013658286049576e+02
4.794475547435978342e+02
4.737060010301746047e+02
4.697410294116428418e+02
4.658883042236669780e+02
4.620359373543587935e+02
4.581839288037184588e+02
4.543322785717457464e+02
4.511732943507484492e+02
4.476300530638035866e+02
4.456046526130089660e+02
4.434956943969659733e+02
4.416528287653249549e+02
4.406774543194845819e+02
4.401429976328713565e+02
4.401263817824083731e+02
4.401101242506131257e+02
4.400942250374856712e+02
4.403514114157532049e+02
4.412942707980030832e+02
4.424262996877319551e+02
4.443279176653593368e+02
4.463347890665495470e+02
4.490692915136801844e+02
4.500559005312268823e+02
4.529170019473381217e+02
4.539043440137623406e+02
4.566402961471059143e+02
4.595024807249914147e+02
4.607426459991670527e+02
4.616894632983041333e+02
4.633639116433816412e+02
4.645841728525814460e+02
4.655320651077216780e+02
4.658789170801310888e+02
4.658694840145648755e+02
4.658604092676663981e+02
4.653761683639111766e+02
4.644097682963061970e+02
4.630521181557605246e+02
4.611283927674490997e+02
4.588973333901130900e+02
4.560162826810951060e+02
4.529118140669686454e+02
4.494370744008805900e+02
4.472354203261875227e+02
4.432019567379944078e+02
4.375604598600773443e+02
4.337235171050238023e+02
4.298869436096660479e+02
4.251206639734201076e+02
4.212148825159818557e+02
4.156870817548336277e+02
4.115442546969684940e+02
4.069472405032256574e+02
4.035953398729058108e+02
4.000410003584565288e+02
3.974800261556819692e+02
3.943739557261205846e+02
3.916458659928492807e+02
3.892188338789450199e+02
3.872816705732190599e+02
3.867504599917551786e+02
3.867510762604275669e+02
3.867520508477676913e+02
3.870540830544748587e+02
3.885312987546749355e+02
3.914074741721441342e+02
3.942840079082810689e+02
3.972937670959528873e+02
4.012199685183763904e+02
4.059647100776493858e+02
4.098077120534921960e+02
4.146021349753367531e+02
4.212430727972599129e+02
4.261920612455431296e+02
4.326658835369696021e+02
4.393778263848260508e+02
4.460901275513501218e+02
4.520895003232553790e+02
4.585158048404016995e+02
4.652291809629290356e+02
4.719429154041242214e+02
4.781115536185325254e+02
4.838679627390211522e+02
4.891631917166389485e+02
4.939622755164211299e+02
4.991393400124933351e+02
5.042258537363242112e+02
5.080679705340676264e+02
5.116586973987304532e+02
5.143336986659771810e+02
5.162608065036397420e+02
5.180623985340961326e+02
5.189482649671361969e+02
5.189603638447181311e+02
5.189728210409679150e+02
