4.740000000000000000e+02
4.780699300699300807e+02
4.831398601398601613e+02
4.872097902097901851e+02
4.932797202797202658e+02
4.973496503496503465e+02
5.014195804195804271e+02
5.054895104895105078e+02
5.095594405594405316e+02
5.126293706293706691e+02
5.146993006993006929e+02
5.177692307692307168e+02
5.208391608391608543e+02
5.219090909090908781e+02
5.219790209790210156e+02
5.220489510489510394e+02
5.221188811188810632e+02
5.211888111888112007e+02
5.182587412587412246e+02
5.153286713286713621e+02
5.133986013986013859e+02
5.084685314685314665e+02
5.045384615384615472e+02
5.006083916083916279e+02
4.956783216783216517e+02
4.887482517482517324e+02
4.838181818181818130e+02
4.768881118881118937e+02
4.699580419580419743e+02
4.640279720279720550e+02
4.570979020979020788e+02
4.501678321678321595e+02
4.442377622377622401e+02
4.373076923076923208e+02
4.303776223776224015e+02
4.254475524475524253e+02
4.185174825174825060e+02
4.135874125874125866e+02
4.096573426573426673e+02
4.057272727272727479e+02
4.017972027972027718e+02
3.978671328671328524e+02
3.959370629370629331e+02
3.930069930069930138e+02
3.920769230769230944e+02
3.921468531468531751e+02
3.922167832167831989e+02
3.922867132867132796e+02
3.953566433566433602e+02
3.964265734265734409e+02
3.994965034965035215e+02
4.025664335664335454e+02
4.066363636363636260e+02
4.087062937062937067e+02
4.127762237762237874e+02
4.188461538461538680e+02
4.229160839160838918e+02
4.279860139860139725e+02
4.320559440559440532e+02
4.361258741258741338e+02
4.421958041958042145e+02
4.462657342657342951e+02
4.503356643356643190e+02
4.544055944055943996e+02
4.584755244755244803e+02
4.625454545454545610e+02
4.646153846153846416e+02
4.676853146853146654e+02
4.687552447552447461e+02
4.718251748251748268e+02
4.718951048951049074e+02
4.729650349650349881e+02
4.730349650349650119e+02
4.731048951048950926e+02
4.731748251748251732e+02
4.722447552447552539e+02
4.713146853146853346e+02
4.693846153846153584e+02
4.684545454545454390e+02
4.655244755244755197e+02
4.645944055944056004e+02
4.616643356643356810e+02
4.597342657342657617e+02
4.578041958041957855e+02
4.558741258741258662e+02
4.529440559440559468e+02
4.520139860139860275e+02
4.500839160839161082e+02
4.491538461538461320e+02
4.482237762237762126e+02
4.482937062937062933e+02
4.483636363636363740e+02
4.484335664335664546e+02
4.485034965034964785e+02
4.495734265734265591e+02
4.506433566433566398e+02
4.537132867132867204e+02
4.567832167832168011e+02
4.588531468531468818e+02
4.629230769230769056e+02
4.659930069930069862e+02
4.700629370629370669e+02
4.741328671328671476e+02
4.802027972027972282e+02
4.842727272727272521e+02
4.893426573426573327e+02
4.934125874125874134e+02
4.984825174825174940e+02
5.025524475524475747e+02
5.066223776223775985e+02
5.106923076923076792e+02
5.147622377622377599e+02
5.198321678321677837e+02
5.219020979020979212e+02
5.249720279720279450e+02
5.260419580419580825e+02
5.281118881118881063e+02
5.291818181818181301e+02
5.292517482517482676e+02
5.293216783216782915e+02
5.283916083916084290e+02
5.264615384615384528e+02
5.245314685314684766e+02
5.216013986013986141e+02
5.176713286713286379e+02
5.137412587412587754e+02
5.098111888111887993e+02
5.038811188811188799e+02
4.989510489510489606e+02
4.920209790209790413e+02
4.870909090909090651e+02
4.801608391608391457e+02
4.732307692307692264e+02
4.673006993006993071e+02
4.593706293706293877e+02
4.534405594405594684e+02
4.475104895104894922e+02
4.405804195804195729e+02
4.336503496503496535e+02
4.287202797202797342e+02
4.227902097902098149e+02
4.178601398601398387e+02
4.139300699300699193e+02
4.100000000000000000e+02
