3.893742213725418537e+02
3.882199966988872006e+02
3.860769291192460173e+02
3.857604032490028203e+02
3.874319575496961647e+02
3.894300535597874955e+02
3.945393066638923187e+02
4.000058707081643661e+02
4.064912841541421358e+02
4.149647777710563901e+02
4.248648130973686534e+02
4.352529285946174582e+02
4.460983550320335098e+02
4.575395539480782645e+02
4.689842176504442364e+02
4.795554230622082628e+02
4.873916317218318568e+02
4.936159205523918558e+02
4.993205972461960869e+02
5.011364310340138104e+02
5.000018834543063804e+02
4.968247542500010354e+02
4.916204011776736138e+02
4.844348975070519145e+02
4.761759355458282812e+02
4.669281306786179471e+02
4.558914829054211282e+02
4.443659922262377791e+02
4.342285817179908349e+02
4.241638667652957793e+02
4.142795396758449442e+02
4.059217542957921410e+02
3.995520490866757655e+02
3.947473471254190258e+02
3.909384176427910802e+02
3.884406452541765020e+02
3.874078761134215938e+02
3.867939563743723284e+02
3.878604244985672267e+02
3.892303574090832967e+02
3.934422166443820288e+02
3.976575675248105313e+02
4.039534674213353469e+02
4.102682167195658849e+02
4.175172000348867414e+02
4.240081096749902940e+02
4.303332533321841993e+02
4.366618617756991512e+02
4.415631657747660483e+02
4.444833191755386110e+02
4.466377065934015604e+02
4.476878664898932811e+02
4.462568757880907242e+02
4.422985806418400330e+02
4.363591348972951209e+02
4.291154616313789916e+02
4.215906377671685163e+02
4.135385094585100205e+02
4.064821536284802619e+02
4.002984933540023462e+02
3.943952209427687308e+02
3.924031056255484486e+02
3.904145893886927183e+02
3.944757455019293957e+02
4.006788279399486328e+02
4.097699905489044454e+02
4.193030794826428291e+02
4.328011716642408260e+02
4.460950363244676282e+02
4.594615965402464326e+02
4.731931600038846000e+02
4.863512651769207764e+02
4.974743735978167365e+02
5.065624852665720823e+02
5.142463694139562449e+02
5.192260260399693834e+02
5.214706859138419759e+02
5.232111182663433055e+02
5.229704000205504144e+02
5.211869927149248269e+02
5.200301271186972372e+02
5.160536493857139249e+02
5.130883824643611888e+02
5.090959453926039373e+02
5.060685115687061852e+02
5.040368502234373409e+02
5.012624998183357548e+02
4.983146911226320412e+02
4.968934241363265301e+02
4.960448527055728505e+02
4.945458999072940856e+02
4.926581042030287563e+02
4.907737732850845305e+02
4.888929071534613513e+02
4.861385827312362835e+02
4.825569538645631269e+02
4.789787897842110169e+02
4.736963981824877692e+02
4.680943944440086284e+02
4.636343170303122747e+02
4.567777044029367630e+02
4.517860950234210122e+02
4.468056427379187312e+02
4.428672779300511024e+02
4.369324047673133009e+02
4.328009963908967279e+02
4.297653604931088012e+02
4.277254970739497821e+02
4.258967907488041078e+02
4.255330876715180466e+02
4.258036186113222925e+02
4.273237681836014872e+02
4.291243056191249252e+02
4.314821539948155760e+02
4.349050056183658057e+02
4.379236297205448523e+02
4.410149493782757872e+02
4.454943492069431841e+02
4.499772138219317412e+02
4.544635432232413450e+02
4.589533374108720523e+02
4.634465963848239198e+02
4.679433201450968909e+02
4.724435892681169662e+02
4.769474306126930401e+02
4.833931982820517419e+02
4.881655076608083732e+02
4.926797433643477007e+02
4.963897515465158108e+02
5.006186091303897001e+02
5.037432391928923607e+02
5.068251801955623250e+02
5.103105859845533701e+02
5.132609950214039145e+02
5.157071765368832530e+02
5.177260536079145368e+02
5.191330108498823392e+02
5.208665098012481849e+02
5.230573196927812205e+02
5.242592866783277259e+02
5.246339492194260856e+02
5.250120765468456057e+02
5.253936686605860586e+02
5.257787255606477856e+02
