4.843999999999999773e+02
4.753370629370629104e+02
4.652083916083915938e+02
4.530153846153845620e+02
4.405538461538461661e+02
4.298209790209789958e+02
4.188279720279720095e+02
4.082293706293706350e+02
3.993594405594405430e+02
3.926209790209790071e+02
3.874853146853146768e+02
3.834153846153845961e+02
3.808055944055943769e+02
3.796727272727272862e+02
3.790601398601398273e+02
3.801930069930069749e+02
3.817034965034965239e+02
3.862349650349650574e+02
3.907664335664335340e+02
3.975468531468531523e+02
4.043440559440559241e+02
4.121314685314685562e+02
4.191384615384615131e+02
4.259356643356643417e+02
4.327328671328670566e+02
4.380867132867132341e+02
4.413090909090909122e+02
4.435748251748251505e+02
4.447999999999999545e+02
4.434405594405594115e+02
4.392699300699300125e+02
4.329678321678321140e+02
4.250377622377621947e+02
4.169230769230769056e+02
4.079776223776223105e+02
4.000979020979020788e+02
3.933006993006993071e+02
3.865034965034964785e+02
3.839020979020979212e+02
3.816363636363636260e+02
3.848587412587412473e+02
3.910853146853146995e+02
4.002237762237762695e+02
4.104195804195803703e+02
4.238461538461538680e+02
4.385482517482517437e+02
4.526545454545454845e+02
4.673818181818182325e+02
4.817314685314684652e+02
4.943944055944056117e+02
5.043468531468531069e+02
5.130573426573427014e+02
5.194181818181817789e+02
5.216839160839160741e+02
5.239496503496503692e+02
5.240000000000000000e+02
5.219188811188811314e+02
5.206265734265733727e+02
5.167748251748251960e+02
5.130825174825174599e+02
5.089118881118880608e+02
5.050853146853146995e+02
5.023244755244754742e+02
4.994881118881118596e+02
4.960895104895104737e+02
4.935636363636363626e+02
4.924307692307692150e+02
4.909958041958041690e+02
4.887300699300698739e+02
4.864643356643355787e+02
4.841986013986013972e+02
4.818657342657342610e+02
4.773342657342656707e+02
4.739020979020979212e+02
4.684391608391608202e+02
4.618097902097902079e+02
4.568083916083916165e+02
4.497846153846153356e+02
4.433818181818180619e+02
4.377174825174823809e+02
4.326825174825174827e+02
4.270265734265734068e+02
4.212195804195803817e+02
4.171160839160838805e+02
4.140783216783216290e+02
4.118125874125873906e+02
4.100000000000000000e+02
4.100000000000000000e+02
4.101846153846153697e+02
4.124251748251747927e+02
4.135580419580419971e+02
4.168727272727272180e+02
4.202713286713286038e+02
4.227132867132866636e+02
4.267580419580419857e+02
4.312895104895104055e+02
4.358209790209789958e+02
4.403524475524475292e+02
4.448839160839160627e+02
4.494153846153845961e+02
4.539468531468530728e+02
4.584783216783216631e+02
4.637146853146853118e+02
4.699412587412587072e+02
4.744727272727272975e+02
4.788531468531468249e+02
4.823356643356643190e+02
4.868335664335663751e+02
4.890993006993006134e+02
4.924475524475524253e+02
4.958461538461538680e+02
4.982965034965034192e+02
5.005622377622377144e+02
5.020139860139859707e+02
5.031468531468531751e+02
5.049594405594405657e+02
5.066125874125873452e+02
5.071999999999999318e+02
5.071999999999999318e+02
5.071999999999999318e+02
5.071999999999999318e+02
5.069230769230768487e+02
5.055804195804195729e+02
5.034573426573426786e+02
5.023244755244754742e+02
5.011832167832167215e+02
4.989174825174824832e+02
4.966517482517482449e+02
4.933790209790209360e+02
4.918601398601398387e+02
4.889818181818181415e+02
4.847776223776223787e+02
4.809846153846153811e+02
4.769146853146853005e+02
4.723832167832167670e+02
4.673146853146852777e+02
4.621202797202796546e+02
4.567832167832166306e+02
4.499860139860138588e+02
4.429202797202797797e+02
4.353930069930070204e+02
4.294601398601398614e+02
4.215300699300699421e+02
4.136000000000000227e+02
