700.0
693.504728923659
687.0368894148362
680.6237971889342
674.2925367464039
668.069846986402
661.9820082800309
656.0547314800864
650.3130493360608
644.7812107729876
639.4825784806235
634.4395302454805
629.673364442412
625.204210084895
621.0509418138898
617.231100184311
613.7608175857598
610.6547501103827
607.9260156555953
605.5861385230867
603.6450007480777
602.1108003643858
600.9900167815564
600.2873834202833
600.0058677216887
600.1466586148877
600.7091614957677
601.691000738189
603.088029726998
604.8943483704846
607.1023280183208
609.7026436797438
612.6843134059177
616.0347446701489
619.7397875500772
623.7837944872363
628.1496863716037
632.8190246720394
637.7720893079879
642.9879619335655
648.4446142822977
654.1190011993989
659.9871579686913
666.0243015231201
672.2049351114206
678.5029559788976
684.8917656075483
691.3443820499482
697.8335538824803
704.3318752966462
710.8119018423941
717.2462663346413
723.607794433482
729.8696194099514
736.0052956126499
741.9889101560265
747.7951923586236
753.3996204690936
758.7785252292473
763.9091898367576
768.7699458853423
773.3402648772422
777.6008449215072
781.5336922519379
785.1221972204042
788.3512044446022
791.207076813987
793.6777530835689
795.7527988123358
797.4234504311704
798.6826522541526
799.5250862769342
799.94719463634
799.94719463634
799.5250862769342
798.6826522541526
797.4234504311705
795.7527988123358
793.677753083569
791.207076813987
788.3512044446023
785.1221972204042
781.5336922519377
777.6008449215072
773.3402648772422
768.7699458853424
763.9091898367576
758.7785252292473
753.3996204690936
747.7951923586237
741.9889101560265
736.0052956126499
729.8696194099514
723.6077944334821
717.2462663346413
710.8119018423943
704.3318752966461
697.8335538824804
691.3443820499482
684.8917656075485
678.5029559788975
672.2049351114207
666.0243015231201
659.9871579686915
654.1190011993989
648.4446142822978
642.9879619335657
637.772089307988
632.8190246720394
628.1496863716037
623.7837944872364
619.7397875500773
616.0347446701489
612.6843134059178
609.7026436797438
607.1023280183208
604.8943483704846
603.088029726998
601.691000738189
600.7091614957677
600.1466586148877
600.0058677216887
600.2873834202833
600.9900167815564
602.1108003643858
603.6450007480777
605.5861385230867
607.9260156555952
610.6547501103826
613.7608175857598
617.2311001843109
621.0509418138898
625.204210084895
629.6733644424119
634.4395302454805
639.4825784806234
644.7812107729875
650.3130493360608
656.0547314800862
661.9820082800308
668.069846986402
674.2925367464039
680.6237971889341
687.0368894148361
693.5047289236588

